#BVGraph properties
#Sun Jun 05 00:37:47 CEST 2016
compratio=0.98
bitsforblocks=5184771
residualarcs=9257189
version=0
zetak=3
residualexpstats=337596,285889,188442,139624,116970,126424,157539,193880,212953,213215,218890,244434,298083,381561,473899,572735,658036,709519,745353,843996,957168,803144,358932,18907
avgref=0.354
residualavggap=835761.654
avgbitsforoutdegrees=2.867
windowsize=7
bitsforintervals=4228804
copiedarcs=1012466
avgbitsforblocks=1.118
bitsperlink=21.983
bitsforresiduals=199384586
bitsforreferences=6834607
avgdist=0.62
successoravgloggap=15.81643310610936
avgbitsforreferences=1.474
successoravggap=1000935.381
maxrefcount=3
successorexpstats=464367,149325,136676,109911,99758,110276,136171,165387,185820,198678,218642,253797,311569,402524,500571,617439,714556,806705,873636,1030494,1280086,1134560,484087,28754
nodes=4638004
compressionflags=
intervalisedarcs=144134
bitspernode=49.359
arcs=10413789
bitsforoutdegrees=13295136
avgbitsforintervals=0.912
minintervallength=4
graphclass=it.unimi.dsi.webgraph.BVGraph
avgbitsforresiduals=42.989
residualavgloggap=14.992403479032061
